#!/usr/bin/env bash
#
# Generated by:
# taup path --mod iasp91 -h 550 --deg 74 -p S,ScS,sS,sScS --gmt -o stdout 
# The TauP Toolkit
# version 3.0.0-SNAPSHOT7
# https://github.com/crotwell/TauP
#
#
gmt begin stdout
# draw surface and label distances.
gmt basemap -R0/360/0/6371.0 -JP6.0i -Bx30  
# draw circles for branches, note these are scaled for a 
# map using -JP6.0i
gmt plot  -Sc -A  <<ENDLAYERS
0.0 0.0 6.0i
0.0 0.0 6.0i
0.0 0.0 5.9811645i
0.0 0.0 5.967038i
0.0 0.0 5.802229i
0.0 0.0 5.6138754i
0.0 0.0 5.3784337i
0.0 0.0 3.279234i
0.0 0.0 1.1462251i
ENDLAYERS

# draw paths
gmt plot -A <<END
> seg 1/2 S of S at  1168.49 seconds at    74.00 degrees for a    550.0 km deep source in the iasp91 model with rayParam   10.906 s/deg. in mantle
    0.00    5821.0
    0.07    5811.0
    0.19    5793.3
    0.31    5777.2
    0.39    5766.6
    0.43    5761.0
    0.44    5760.0
    0.52    5748.3
    0.56    5743.9
    0.66    5729.8
    0.68    5727.5
    0.81    5711.0
    0.85    5706.6
    0.88    5702.1
    0.96    5693.2
    1.09    5679.4
    1.11    5677.2
    1.18    5669.1
    1.25    5661.0
    1.43    5642.3
    1.61    5623.4
    1.73    5611.0
    1.79    5604.7
    1.85    5598.4
    1.91    5592.1
    1.97    5585.7
    2.10    5573.6
    2.16    5567.6
    2.22    5561.5
    2.35    5548.9
    2.48    5536.3
    2.73    5512.0
    3.00    5486.8
    3.26    5462.5
    3.54    5437.3
    3.82    5413.0
    4.11    5387.8
    4.40    5363.5
    4.70    5338.3
    5.00    5314.0
    5.31    5288.9
    5.63    5264.5
    5.96    5239.3
    6.12    5227.2
    6.28    5215.0
    6.62    5190.3
    6.97    5165.5
    7.28    5143.8
    7.29    5143.0
    7.30    5142.2
    7.33    5140.6
    7.37    5137.4
    7.42    5134.2
    7.47    5131.0
    7.56    5124.6
    7.66    5118.1
    7.69    5116.0
    7.78    5110.0
    7.87    5104.1
    8.05    5092.1
    8.10    5088.9
    8.15    5085.7
    8.24    5079.3
    8.44    5066.5
    8.84    5041.8
    9.24    5017.0
    9.28    5014.8
    9.31    5012.6
    9.69    4990.1
   10.08    4967.5
   10.68    4933.5
   10.82    4925.8
   10.97    4918.0
   11.43    4893.3
   11.91    4868.5
   12.72    4828.2
   12.81    4823.6
   12.91    4819.0
   13.44    4794.3
   13.71    4781.9
   13.98    4769.5
   14.50    4747.0
   15.03    4724.4
   15.09    4722.2
   15.14    4720.0
   15.75    4695.3
   16.07    4682.9
   16.39    4670.5
   17.04    4646.6
   17.72    4622.5
   17.75    4621.8
   17.77    4621.0
   18.51    4596.3
   18.89    4583.9
   19.29    4571.5
   20.11    4547.1
   20.99    4522.6
   21.00    4522.3
   21.01    4522.0
   21.48    4509.7
   21.97    4497.3
   22.48    4484.9
   23.02    4472.5
   23.59    4460.1
   24.17    4447.8
   24.82    4435.4
   25.47    4423.0
   26.19    4411.2
   26.90    4399.4
   27.34    4393.0
   27.81    4386.5
   28.33    4380.0
   28.85    4373.5
   29.75    4365.3
   30.64    4357.0
   31.54    4348.8
   32.34    4346.0
   33.15    4343.3
   33.95    4340.5
   34.76    4337.8
   35.56    4335.0
> seg 2/2 S of S at  1168.49 seconds at    74.00 degrees for a    550.0 km deep source in the iasp91 model with rayParam   10.906 s/deg. in crust/mantle
   35.56    4335.0
   36.37    4337.8
   37.17    4340.5
   37.97    4343.3
   38.78    4346.0
   39.58    4348.8
   40.48    4357.0
   41.37    4365.3
   42.27    4373.5
   42.79    4380.0
   43.31    4386.5
   43.78    4393.0
   44.22    4399.4
   44.93    4411.2
   45.65    4423.0
   46.30    4435.4
   46.95    4447.8
   47.53    4460.1
   48.10    4472.5
   48.64    4484.9
   49.15    4497.3
   49.64    4509.7
   50.11    4522.0
   50.12    4522.3
   50.13    4522.6
   51.01    4547.1
   51.83    4571.5
   52.23    4583.9
   52.61    4596.3
   53.35    4621.0
   53.38    4621.8
   53.40    4622.5
   54.08    4646.6
   54.73    4670.5
   55.05    4682.9
   55.37    4695.3
   55.98    4720.0
   56.03    4722.2
   56.09    4724.4
   56.62    4747.0
   57.14    4769.5
   57.41    4781.9
   57.68    4794.3
   58.21    4819.0
   58.31    4823.6
   58.40    4828.2
   59.21    4868.5
   59.69    4893.3
   60.16    4918.0
   60.30    4925.8
   60.44    4933.5
   61.04    4967.5
   61.43    4990.1
   61.81    5012.6
   61.85    5014.8
   61.88    5017.0
   62.29    5041.8
   62.68    5066.5
   62.88    5079.3
   62.98    5085.7
   63.02    5088.9
   63.07    5092.1
   63.25    5104.1
   63.34    5110.0
   63.43    5116.0
   63.46    5118.1
   63.56    5124.6
   63.65    5131.0
   63.70    5134.2
   63.75    5137.4
   63.80    5140.6
   63.82    5142.2
   63.83    5143.0
   63.84    5143.8
   64.15    5165.5
   64.50    5190.3
   64.84    5215.0
   65.00    5227.2
   65.17    5239.3
   65.50    5264.5
   65.81    5288.9
   66.12    5314.0
   66.42    5338.3
   66.73    5363.5
   67.01    5387.8
   67.30    5413.0
   67.58    5437.3
   67.86    5462.5
   68.12    5486.8
   68.39    5512.0
   68.64    5536.3
   68.77    5548.9
   68.90    5561.5
   68.96    5567.6
   69.03    5573.6
   69.15    5585.7
   69.21    5592.1
   69.27    5598.4
   69.33    5604.7
   69.40    5611.0
   69.52    5623.4
   69.70    5642.3
   69.87    5661.0
   69.94    5669.1
   70.02    5677.2
   70.04    5679.4
   70.16    5693.2
   70.24    5702.1
   70.27    5706.6
   70.31    5711.0
   70.44    5727.5
   70.46    5729.8
   70.56    5743.9
   70.60    5748.3
   70.68    5760.0
   70.69    5761.0
   70.73    5766.6
   70.81    5777.2
   70.93    5793.3
   71.05    5811.0
   71.12    5821.0
   71.16    5827.2
   71.20    5832.5
   71.22    5835.1
   71.23    5836.4
   71.23    5837.1
   71.23    5837.4
   71.24    5837.8
   71.25    5839.1
   71.26    5840.5
   71.26    5841.9
   71.27    5842.6
   71.27    5842.9
   71.27    5843.3
   71.27    5843.3
   71.33    5850.9
   71.39    5861.0
   71.45    5869.8
   71.59    5890.6
   71.65    5900.8
   71.72    5911.0
   71.74    5915.1
   71.77    5919.1
   71.82    5927.2
   71.87    5935.3
   71.92    5943.2
   71.95    5947.7
   71.97    5952.1
   72.00    5956.6
   72.03    5961.0
   72.11    5975.9
   72.19    5990.7
   72.28    6005.4
   72.31    6011.0
   72.35    6019.8
   72.39    6027.3
   72.48    6043.4
   72.57    6061.0
   72.64    6073.2
   72.70    6085.3
   72.76    6097.3
   72.83    6111.0
   72.89    6123.2
   72.95    6135.3
   73.01    6147.3
   73.07    6161.0
   73.14    6175.1
   73.21    6189.1
   73.25    6197.6
   73.29    6206.0
   73.36    6221.5
   73.39    6228.4
   73.45    6239.7
   73.50    6251.0
   73.51    6253.3
   73.59    6270.2
   73.64    6281.9
   73.69    6293.5
   73.74    6304.1
   73.79    6314.6
   73.84    6325.3
   73.86    6330.7
   73.87    6333.3
   73.88    6334.7
   73.88    6336.0
   73.91    6343.5
   73.92    6347.3
   73.93    6349.1
   73.93    6350.1
   73.94    6351.0
   73.95    6356.0
   73.97    6361.0
   73.98    6366.0
   73.99    6368.5
   74.00    6369.8
   74.00    6371.0
> seg 1/2 S of ScS(Scs) at  1197.99 seconds at    74.00 degrees for a    550.0 km deep source in the iasp91 model with rayParam    8.057 s/deg. in mantle
    0.00    5821.0
    0.05    5811.0
    0.13    5793.3
    0.21    5777.2
    0.26    5766.6
    0.29    5761.0
    0.29    5760.0
    0.35    5748.3
    0.37    5743.9
    0.44    5729.8
    0.45    5727.5
    0.53    5711.0
    0.56    5706.6
    0.58    5702.1
    0.63    5693.2
    0.71    5679.4
    0.72    5677.2
    0.77    5669.1
    0.82    5661.0
    0.93    5642.3
    1.04    5623.4
    1.11    5611.0
    1.15    5604.7
    1.19    5598.4
    1.23    5592.1
    1.27    5585.7
    1.34    5573.6
    1.38    5567.6
    1.42    5561.5
    1.50    5548.9
    1.58    5536.3
    1.73    5512.0
    1.89    5486.8
    2.05    5462.5
    2.22    5437.3
    2.39    5413.0
    2.56    5387.8
    2.73    5363.5
    2.91    5338.3
    3.08    5314.0
    3.27    5288.9
    3.45    5264.5
    3.64    5239.3
    3.73    5227.2
    3.82    5215.0
    4.01    5190.3
    4.21    5165.5
    4.38    5143.8
    4.39    5143.0
    4.40    5142.2
    4.41    5140.6
    4.44    5137.4
    4.46    5134.2
    4.49    5131.0
    4.54    5124.6
    4.59    5118.1
    4.61    5116.0
    4.66    5110.0
    4.71    5104.1
    4.81    5092.1
    4.83    5088.9
    4.86    5085.7
    4.91    5079.3
    5.02    5066.5
    5.23    5041.8
    5.45    5017.0
    5.47    5014.8
    5.48    5012.6
    5.68    4990.1
    5.89    4967.5
    6.20    4933.5
    6.27    4925.8
    6.34    4918.0
    6.57    4893.3
    6.81    4868.5
    7.20    4828.2
    7.25    4823.6
    7.29    4819.0
    7.54    4794.3
    7.67    4781.9
    7.80    4769.5
    8.03    4747.0
    8.27    4724.4
    8.29    4722.2
    8.32    4720.0
    8.58    4695.3
    8.72    4682.9
    8.85    4670.5
    9.12    4646.6
    9.40    4622.5
    9.40    4621.8
    9.41    4621.0
    9.70    4596.3
    9.85    4583.9
    9.99    4571.5
   10.29    4547.1
   10.59    4522.6
   10.59    4522.3
   10.59    4522.0
   10.75    4509.7
   10.90    4497.3
   11.06    4484.9
   11.22    4472.5
   11.54    4447.8
   11.87    4423.0
   12.19    4399.4
   12.28    4393.0
   12.37    4386.5
   12.55    4373.5
   12.90    4348.8
   13.26    4324.0
   13.46    4310.6
   14.00    4274.5
   14.78    4225.0
   14.79    4223.8
   15.59    4175.5
   15.92    4155.8
   16.21    4139.0
   16.44    4126.0
   17.34    4076.5
   17.73    4056.2
   18.29    4027.0
   18.79    4002.3
   19.30    3977.5
   19.34    3975.4
   19.47    3969.4
   19.59    3963.5
   19.85    3951.7
   20.11    3939.9
   20.37    3928.0
   20.93    3903.3
   21.22    3890.9
   21.51    3878.5
   22.11    3853.8
   22.74    3829.0
   23.47    3801.0
   23.54    3798.3
   23.62    3795.7
   23.76    3790.3
   24.06    3779.5
   24.65    3758.6
   25.27    3737.7
   25.39    3733.8
   25.50    3730.0
   26.27    3705.3
   27.09    3680.5
   27.26    3675.6
   28.04    3653.3
   28.86    3631.0
   28.95    3628.5
   29.05    3626.0
   29.93    3603.7
   30.87    3581.3
   31.25    3572.7
   32.22    3552.2
   33.20    3531.7
   33.77    3520.6
   34.52    3507.7
   35.26    3494.9
   36.01    3482.0
> seg 2/2 S of ScS(Scs) at  1197.99 seconds at    74.00 degrees for a    550.0 km deep source in the iasp91 model with rayParam    8.057 s/deg. in crust/mantle
   36.01    3482.0
   36.75    3494.9
   37.50    3507.7
   38.24    3520.6
   38.82    3531.7
   39.79    3552.2
   40.77    3572.7
   41.14    3581.3
   42.08    3603.7
   42.97    3626.0
   43.06    3628.5
   43.16    3631.0
   43.98    3653.3
   44.76    3675.6
   44.93    3680.5
   45.74    3705.3
   46.51    3730.0
   46.63    3733.8
   46.75    3737.7
   47.36    3758.6
   47.96    3779.5
   48.25    3790.3
   48.40    3795.7
   48.47    3798.3
   48.54    3801.0
   49.28    3829.0
   49.90    3853.8
   50.51    3878.5
   50.80    3890.9
   51.09    3903.3
   51.65    3928.0
   51.91    3939.9
   52.17    3951.7
   52.42    3963.5
   52.55    3969.4
   52.67    3975.4
   52.72    3977.5
   53.22    4002.3
   53.72    4027.0
   54.29    4056.2
   54.67    4076.5
   55.57    4126.0
   55.80    4139.0
   56.09    4155.8
   56.43    4175.5
   57.22    4223.8
   57.24    4225.0
   58.02    4274.5
   58.56    4310.6
   58.76    4324.0
   59.11    4348.8
   59.46    4373.5
   59.64    4386.5
   59.73    4393.0
   59.82    4399.4
   60.14    4423.0
   60.47    4447.8
   60.79    4472.5
   60.95    4484.9
   61.11    4497.3
   61.27    4509.7
   61.42    4522.0
   61.42    4522.3
   61.43    4522.6
   61.73    4547.1
   62.02    4571.5
   62.17    4583.9
   62.32    4596.3
   62.60    4621.0
   62.61    4621.8
   62.62    4622.5
   62.89    4646.6
   63.16    4670.5
   63.30    4682.9
   63.43    4695.3
   63.70    4720.0
   63.72    4722.2
   63.75    4724.4
   63.99    4747.0
   64.22    4769.5
   64.35    4781.9
   64.47    4794.3
   64.72    4819.0
   64.77    4823.6
   64.81    4828.2
   65.21    4868.5
   65.44    4893.3
   65.68    4918.0
   65.75    4925.8
   65.82    4933.5
   66.13    4967.5
   66.33    4990.1
   66.53    5012.6
   66.55    5014.8
   66.57    5017.0
   66.78    5041.8
   66.99    5066.5
   67.10    5079.3
   67.16    5085.7
   67.18    5088.9
   67.21    5092.1
   67.31    5104.1
   67.36    5110.0
   67.41    5116.0
   67.42    5118.1
   67.48    5124.6
   67.53    5131.0
   67.55    5134.2
   67.58    5137.4
   67.61    5140.6
   67.62    5142.2
   67.63    5143.0
   67.63    5143.8
   67.81    5165.5
   68.00    5190.3
   68.19    5215.0
   68.29    5227.2
   68.38    5239.3
   68.57    5264.5
   68.75    5288.9
   68.93    5314.0
   69.11    5338.3
   69.29    5363.5
   69.46    5387.8
   69.63    5413.0
   69.79    5437.3
   69.96    5462.5
   70.12    5486.8
   70.28    5512.0
   70.44    5536.3
   70.52    5548.9
   70.60    5561.5
   70.64    5567.6
   70.67    5573.6
   70.75    5585.7
   70.79    5592.1
   70.83    5598.4
   70.86    5604.7
   70.90    5611.0
   70.98    5623.4
   71.09    5642.3
   71.20    5661.0
   71.25    5669.1
   71.29    5677.2
   71.30    5679.4
   71.38    5693.2
   71.43    5702.1
   71.46    5706.6
   71.48    5711.0
   71.56    5727.5
   71.58    5729.8
   71.65    5743.9
   71.67    5748.3
   71.73    5760.0
   71.73    5761.0
   71.76    5766.6
   71.81    5777.2
   71.89    5793.3
   71.97    5811.0
   72.02    5821.0
   72.04    5827.2
   72.07    5832.5
   72.08    5835.1
   72.09    5836.4
   72.09    5837.1
   72.09    5837.4
   72.09    5837.8
   72.10    5839.1
   72.11    5840.5
   72.11    5841.9
   72.11    5842.6
   72.12    5842.9
   72.12    5843.3
   72.12    5843.3
   72.15    5850.9
   72.20    5861.0
   72.24    5869.8
   72.33    5890.6
   72.37    5900.8
   72.42    5911.0
   72.43    5915.1
   72.45    5919.1
   72.49    5927.2
   72.52    5935.3
   72.55    5943.2
   72.57    5947.7
   72.59    5952.1
   72.61    5956.6
   72.63    5961.0
   72.68    5975.9
   72.74    5990.7
   72.80    6005.4
   72.82    6011.0
   72.85    6019.8
   72.88    6027.3
   72.94    6043.4
   73.00    6061.0
   73.05    6073.2
   73.09    6085.3
   73.13    6097.3
   73.18    6111.0
   73.22    6123.2
   73.26    6135.3
   73.30    6147.3
   73.35    6161.0
   73.40    6175.1
   73.44    6189.1
   73.47    6197.6
   73.50    6206.0
   73.55    6221.5
   73.57    6228.4
   73.61    6239.7
   73.65    6251.0
   73.65    6253.3
   73.71    6270.2
   73.75    6281.9
   73.78    6293.5
   73.82    6304.1
   73.85    6314.6
   73.88    6325.3
   73.90    6330.7
   73.91    6333.3
   73.91    6334.7
   73.92    6336.0
   73.94    6343.5
   73.95    6347.3
   73.95    6349.1
   73.95    6350.1
   73.95    6351.0
   73.97    6356.0
   73.98    6361.0
   73.99    6366.0
   73.99    6368.5
   74.00    6369.8
   74.00    6371.0
> seg 1/3 s of sS at  1373.84 seconds at    74.00 degrees for a    550.0 km deep source in the iasp91 model with rayParam   11.626 s/deg. in crust/mantle
    0.00    5821.0
    0.05    5827.2
    0.09    5832.5
    0.11    5835.1
    0.12    5836.4
    0.12    5837.1
    0.12    5837.4
    0.13    5837.8
    0.14    5839.1
    0.15    5840.5
    0.16    5841.9
    0.16    5842.6
    0.17    5842.9
    0.17    5843.3
    0.17    5843.3
    0.23    5850.9
    0.30    5861.0
    0.36    5869.8
    0.51    5890.6
    0.59    5900.8
    0.66    5911.0
    0.69    5915.1
    0.71    5919.1
    0.77    5927.2
    0.82    5935.3
    0.88    5943.2
    0.91    5947.7
    0.94    5952.1
    0.97    5956.6
    1.00    5961.0
    1.09    5975.9
    1.18    5990.7
    1.27    6005.4
    1.30    6011.0
    1.35    6019.8
    1.40    6027.3
    1.49    6043.4
    1.59    6061.0
    1.66    6073.2
    1.73    6085.3
    1.80    6097.3
    1.87    6111.0
    1.94    6123.2
    2.00    6135.3
    2.07    6147.3
    2.14    6161.0
    2.21    6175.1
    2.28    6189.1
    2.33    6197.6
    2.37    6206.0
    2.45    6221.5
    2.48    6228.4
    2.54    6239.7
    2.60    6251.0
    2.61    6253.3
    2.69    6270.2
    2.75    6281.9
    2.81    6293.5
    2.86    6304.1
    2.91    6314.6
    2.96    6325.3
    2.99    6330.7
    3.00    6333.3
    3.01    6334.7
    3.01    6336.0
    3.04    6343.5
    3.06    6347.3
    3.07    6349.1
    3.07    6350.1
    3.07    6351.0
    3.09    6356.0
    3.11    6361.0
    3.12    6366.0
    3.13    6368.5
    3.14    6369.8
    3.14    6371.0
> seg 2/3 S of sS at  1373.84 seconds at    74.00 degrees for a    550.0 km deep source in the iasp91 model with rayParam   11.626 s/deg. in crust/mantle
    3.14    6371.0
    3.14    6369.8
    3.15    6368.5
    3.16    6366.0
    3.17    6361.0
    3.19    6356.0
    3.21    6351.0
    3.21    6350.1
    3.21    6349.1
    3.22    6347.3
    3.24    6343.5
    3.27    6336.0
    3.27    6334.7
    3.28    6333.3
    3.29    6330.7
    3.32    6325.3
    3.37    6314.6
    3.42    6304.1
    3.47    6293.5
    3.53    6281.9
    3.59    6270.2
    3.67    6253.3
    3.68    6251.0
    3.74    6239.7
    3.80    6228.4
    3.83    6221.5
    3.91    6206.0
    3.95    6197.6
    4.00    6189.1
    4.07    6175.1
    4.14    6161.0
    4.21    6147.3
    4.28    6135.3
    4.34    6123.2
    4.41    6111.0
    4.48    6097.3
    4.55    6085.3
    4.62    6073.2
    4.69    6061.0
    4.79    6043.4
    4.88    6027.3
    4.93    6019.8
    4.98    6011.0
    5.01    6005.4
    5.10    5990.7
    5.19    5975.9
    5.28    5961.0
    5.31    5956.6
    5.34    5952.1
    5.37    5947.7
    5.40    5943.2
    5.46    5935.3
    5.51    5927.2
    5.57    5919.1
    5.59    5915.1
    5.62    5911.0
    5.69    5900.8
    5.77    5890.6
    5.92    5869.8
    5.98    5861.0
    6.05    5850.9
    6.11    5843.3
    6.11    5843.3
    6.11    5842.9
    6.12    5842.6
    6.12    5841.9
    6.13    5840.5
    6.14    5839.1
    6.15    5837.8
    6.16    5837.4
    6.16    5837.1
    6.16    5836.4
    6.17    5835.1
    6.19    5832.5
    6.23    5827.2
    6.28    5821.0
    6.36    5811.0
    6.50    5793.3
    6.62    5777.2
    6.71    5766.6
    6.75    5761.0
    6.76    5760.0
    6.86    5748.3
    6.90    5743.9
    7.01    5729.8
    7.03    5727.5
    7.18    5711.0
    7.22    5706.6
    7.26    5702.1
    7.35    5693.2
    7.49    5679.4
    7.51    5677.2
    7.59    5669.1
    7.68    5661.0
    7.87    5642.3
    8.08    5623.4
    8.21    5611.0
    8.28    5604.7
    8.35    5598.4
    8.43    5592.1
    8.50    5585.7
    8.64    5573.6
    8.71    5567.6
    8.78    5561.5
    8.92    5548.9
    9.07    5536.3
    9.36    5512.0
    9.67    5486.8
    9.98    5462.5
   10.30    5437.3
   10.62    5413.0
   10.96    5387.8
   11.29    5363.5
   11.65    5338.3
   12.00    5314.0
   12.37    5288.9
   12.74    5264.5
   13.13    5239.3
   13.33    5227.2
   13.52    5215.0
   13.93    5190.3
   14.35    5165.5
   14.73    5143.8
   14.74    5143.0
   14.76    5142.2
   14.78    5140.6
   14.84    5137.4
   14.90    5134.2
   14.96    5131.0
   15.07    5124.6
   15.19    5118.1
   15.23    5116.0
   15.34    5110.0
   15.45    5104.1
   15.67    5092.1
   15.73    5088.9
   15.79    5085.7
   15.91    5079.3
   16.16    5066.5
   16.64    5041.8
   17.15    5017.0
   17.20    5014.8
   17.24    5012.6
   17.72    4990.1
   18.22    4967.5
   19.00    4933.5
   19.18    4925.8
   19.37    4918.0
   19.98    4893.3
   20.62    4868.5
   21.18    4848.3
   21.74    4828.2
   21.87    4823.6
   22.01    4819.0
   22.75    4794.3
   23.14    4781.9
   23.55    4769.5
   24.32    4747.0
   25.14    4724.4
   25.23    4722.2
   25.31    4720.0
   26.30    4695.3
   26.83    4682.9
   27.40    4670.5
   27.99    4658.5
   28.58    4646.6
   29.26    4634.6
   29.95    4622.5
   29.99    4621.8
   30.04    4621.0
   30.91    4608.6
   31.77    4596.3
   32.30    4590.1
   32.84    4583.9
   33.50    4577.7
   34.17    4571.5
   35.05    4568.0
   35.93    4564.4
   36.81    4560.9
   37.69    4557.3
   38.57    4553.8
> seg 3/3 S of sS at  1373.84 seconds at    74.00 degrees for a    550.0 km deep source in the iasp91 model with rayParam   11.626 s/deg. in crust/mantle
   38.57    4553.8
   39.45    4557.3
   40.33    4560.9
   41.21    4564.4
   42.09    4568.0
   42.97    4571.5
   43.64    4577.7
   44.30    4583.9
   44.84    4590.1
   45.37    4596.3
   46.23    4608.6
   47.10    4621.0
   47.15    4621.8
   47.19    4622.5
   47.88    4634.6
   48.56    4646.6
   49.15    4658.5
   49.74    4670.5
   50.31    4682.9
   50.84    4695.3
   51.83    4720.0
   51.91    4722.2
   52.00    4724.4
   52.82    4747.0
   53.59    4769.5
   54.00    4781.9
   54.39    4794.3
   55.13    4819.0
   55.27    4823.6
   55.40    4828.2
   55.96    4848.3
   56.52    4868.5
   57.16    4893.3
   57.77    4918.0
   57.96    4925.8
   58.14    4933.5
   58.92    4967.5
   59.42    4990.1
   59.90    5012.6
   59.94    5014.8
   59.99    5017.0
   60.50    5041.8
   60.98    5066.5
   61.23    5079.3
   61.35    5085.7
   61.41    5088.9
   61.47    5092.1
   61.69    5104.1
   61.80    5110.0
   61.91    5116.0
   61.95    5118.1
   62.07    5124.6
   62.18    5131.0
   62.24    5134.2
   62.30    5137.4
   62.36    5140.6
   62.38    5142.2
   62.40    5143.0
   62.41    5143.8
   62.79    5165.5
   63.21    5190.3
   63.62    5215.0
   63.81    5227.2
   64.01    5239.3
   64.40    5264.5
   64.77    5288.9
   65.14    5314.0
   65.49    5338.3
   65.85    5363.5
   66.18    5387.8
   66.52    5413.0
   66.84    5437.3
   67.16    5462.5
   67.47    5486.8
   67.78    5512.0
   68.07    5536.3
   68.22    5548.9
   68.36    5561.5
   68.43    5567.6
   68.50    5573.6
   68.64    5585.7
   68.71    5592.1
   68.79    5598.4
   68.86    5604.7
   68.93    5611.0
   69.06    5623.4
   69.27    5642.3
   69.46    5661.0
   69.55    5669.1
   69.63    5677.2
   69.65    5679.4
   69.79    5693.2
   69.88    5702.1
   69.92    5706.6
   69.96    5711.0
   70.11    5727.5
   70.13    5729.8
   70.24    5743.9
   70.28    5748.3
   70.38    5760.0
   70.39    5761.0
   70.43    5766.6
   70.52    5777.2
   70.64    5793.3
   70.78    5811.0
   70.86    5821.0
   70.91    5827.2
   70.95    5832.5
   70.97    5835.1
   70.98    5836.4
   70.98    5837.1
   70.98    5837.4
   70.99    5837.8
   71.00    5839.1
   71.01    5840.5
   71.02    5841.9
   71.02    5842.6
   71.03    5842.9
   71.03    5843.3
   71.03    5843.3
   71.09    5850.9
   71.16    5861.0
   71.22    5869.8
   71.37    5890.6
   71.45    5900.8
   71.52    5911.0
   71.55    5915.1
   71.57    5919.1
   71.63    5927.2
   71.68    5935.3
   71.74    5943.2
   71.77    5947.7
   71.80    5952.1
   71.83    5956.6
   71.86    5961.0
   71.95    5975.9
   72.04    5990.7
   72.13    6005.4
   72.16    6011.0
   72.21    6019.8
   72.26    6027.3
   72.35    6043.4
   72.45    6061.0
   72.52    6073.2
   72.59    6085.3
   72.66    6097.3
   72.73    6111.0
   72.80    6123.2
   72.86    6135.3
   72.93    6147.3
   73.00    6161.0
   73.07    6175.1
   73.14    6189.1
   73.19    6197.6
   73.23    6206.0
   73.31    6221.5
   73.34    6228.4
   73.40    6239.7
   73.46    6251.0
   73.47    6253.3
   73.55    6270.2
   73.61    6281.9
   73.67    6293.5
   73.72    6304.1
   73.77    6314.6
   73.82    6325.3
   73.85    6330.7
   73.86    6333.3
   73.87    6334.7
   73.87    6336.0
   73.90    6343.5
   73.92    6347.3
   73.93    6349.1
   73.93    6350.1
   73.93    6351.0
   73.95    6356.0
   73.97    6361.0
   73.98    6366.0
   73.99    6368.5
   74.00    6369.8
   74.00    6371.0
> seg 1/3 s of sScS(sScs) at  1419.40 seconds at    74.00 degrees for a    550.0 km deep source in the iasp91 model with rayParam    7.945 s/deg. in crust/mantle
    0.00    5821.0
    0.03    5827.2
    0.05    5832.5
    0.06    5835.1
    0.07    5836.4
    0.07    5837.1
    0.07    5837.4
    0.08    5837.8
    0.08    5839.1
    0.09    5840.5
    0.09    5841.9
    0.10    5842.6
    0.10    5842.9
    0.10    5843.3
    0.10    5843.3
    0.13    5850.9
    0.18    5861.0
    0.22    5869.8
    0.31    5890.6
    0.35    5900.8
    0.39    5911.0
    0.41    5915.1
    0.43    5919.1
    0.46    5927.2
    0.50    5935.3
    0.53    5943.2
    0.55    5947.7
    0.56    5952.1
    0.58    5956.6
    0.60    5961.0
    0.66    5975.9
    0.71    5990.7
    0.77    6005.4
    0.79    6011.0
    0.82    6019.8
    0.85    6027.3
    0.91    6043.4
    0.97    6061.0
    1.01    6073.2
    1.06    6085.3
    1.10    6097.3
    1.15    6111.0
    1.19    6123.2
    1.23    6135.3
    1.27    6147.3
    1.31    6161.0
    1.36    6175.1
    1.41    6189.1
    1.43    6197.6
    1.46    6206.0
    1.51    6221.5
    1.53    6228.4
    1.57    6239.7
    1.60    6251.0
    1.61    6253.3
    1.67    6270.2
    1.70    6281.9
    1.74    6293.5
    1.77    6304.1
    1.80    6314.6
    1.84    6325.3
    1.85    6330.7
    1.86    6333.3
    1.87    6334.7
    1.87    6336.0
    1.89    6343.5
    1.90    6347.3
    1.90    6349.1
    1.91    6350.1
    1.91    6351.0
    1.92    6356.0
    1.93    6361.0
    1.94    6366.0
    1.95    6368.5
    1.95    6369.8
    1.95    6371.0
> seg 2/3 S of sScS(sScs) at  1419.40 seconds at    74.00 degrees for a    550.0 km deep source in the iasp91 model with rayParam    7.945 s/deg. in crust/mantle
    1.95    6371.0
    1.96    6369.8
    1.96    6368.5
    1.96    6366.0
    1.98    6361.0
    1.99    6356.0
    2.00    6351.0
    2.00    6350.1
    2.00    6349.1
    2.01    6347.3
    2.02    6343.5
    2.04    6336.0
    2.04    6334.7
    2.04    6333.3
    2.05    6330.7
    2.07    6325.3
    2.10    6314.6
    2.13    6304.1
    2.17    6293.5
    2.20    6281.9
    2.24    6270.2
    2.29    6253.3
    2.30    6251.0
    2.34    6239.7
    2.37    6228.4
    2.40    6221.5
    2.45    6206.0
    2.47    6197.6
    2.50    6189.1
    2.55    6175.1
    2.59    6161.0
    2.64    6147.3
    2.68    6135.3
    2.72    6123.2
    2.76    6111.0
    2.81    6097.3
    2.85    6085.3
    2.89    6073.2
    2.93    6061.0
    3.00    6043.4
    3.06    6027.3
    3.08    6019.8
    3.12    6011.0
    3.14    6005.4
    3.19    5990.7
    3.25    5975.9
    3.31    5961.0
    3.32    5956.6
    3.34    5952.1
    3.36    5947.7
    3.38    5943.2
    3.41    5935.3
    3.44    5927.2
    3.48    5919.1
    3.49    5915.1
    3.51    5911.0
    3.55    5900.8
    3.60    5890.6
    3.69    5869.8
    3.73    5861.0
    3.77    5850.9
    3.81    5843.3
    3.81    5843.3
    3.81    5842.9
    3.81    5842.6
    3.81    5841.9
    3.82    5840.5
    3.82    5839.1
    3.83    5837.8
    3.83    5837.4
    3.83    5837.1
    3.84    5836.4
    3.84    5835.1
    3.85    5832.5
    3.88    5827.2
    3.91    5821.0
    3.95    5811.0
    4.03    5793.3
    4.11    5777.2
    4.16    5766.6
    4.19    5761.0
    4.19    5760.0
    4.25    5748.3
    4.27    5743.9
    4.34    5729.8
    4.35    5727.5
    4.43    5711.0
    4.45    5706.6
    4.48    5702.1
    4.53    5693.2
    4.60    5679.4
    4.62    5677.2
    4.66    5669.1
    4.71    5661.0
    4.81    5642.3
    4.93    5623.4
    5.00    5611.0
    5.04    5604.7
    5.07    5598.4
    5.11    5592.1
    5.15    5585.7
    5.22    5573.6
    5.26    5567.6
    5.30    5561.5
    5.37    5548.9
    5.45    5536.3
    5.61    5512.0
    5.77    5486.8
    5.92    5462.5
    6.09    5437.3
    6.25    5413.0
    6.42    5387.8
    6.59    5363.5
    6.76    5338.3
    6.93    5314.0
    7.11    5288.9
    7.29    5264.5
    7.47    5239.3
    7.56    5227.2
    7.66    5215.0
    7.84    5190.3
    8.04    5165.5
    8.20    5143.8
    8.21    5143.0
    8.22    5142.2
    8.23    5140.6
    8.26    5137.4
    8.28    5134.2
    8.31    5131.0
    8.36    5124.6
    8.41    5118.1
    8.43    5116.0
    8.47    5110.0
    8.52    5104.1
    8.62    5092.1
    8.65    5088.9
    8.67    5085.7
    8.72    5079.3
    8.83    5066.5
    9.04    5041.8
    9.25    5017.0
    9.26    5014.8
    9.28    5012.6
    9.48    4990.1
    9.68    4967.5
    9.98    4933.5
   10.05    4925.8
   10.12    4918.0
   10.35    4893.3
   10.58    4868.5
   10.96    4828.2
   11.01    4823.6
   11.05    4819.0
   11.29    4794.3
   11.42    4781.9
   11.54    4769.5
   11.77    4747.0
   12.00    4724.4
   12.03    4722.2
   12.05    4720.0
   12.31    4695.3
   12.44    4682.9
   12.57    4670.5
   12.84    4646.6
   13.10    4622.5
   13.11    4621.8
   13.12    4621.0
   13.40    4596.3
   13.54    4583.9
   13.68    4571.5
   13.97    4547.1
   14.26    4522.6
   14.27    4522.3
   14.27    4522.0
   14.42    4509.7
   14.57    4497.3
   14.72    4484.9
   14.88    4472.5
   15.19    4447.8
   15.51    4423.0
   15.82    4399.4
   15.91    4393.0
   16.00    4386.5
   16.17    4373.5
   16.51    4348.8
   16.86    4324.0
   17.05    4310.6
   17.58    4274.5
   18.33    4225.0
   18.35    4223.8
   19.11    4175.5
   19.44    4155.8
   19.72    4139.0
   19.94    4126.0
   20.81    4076.5
   21.18    4056.2
   21.72    4027.0
   22.69    3977.5
   22.73    3975.4
   22.85    3969.4
   22.97    3963.5
   23.21    3951.7
   23.46    3939.9
   23.71    3928.0
   24.24    3903.3
   24.52    3890.9
   24.80    3878.5
   25.37    3853.8
   25.96    3829.0
   26.66    3801.0
   26.73    3798.3
   26.80    3795.7
   26.94    3790.3
   27.22    3779.5
   27.77    3758.6
   28.35    3737.7
   28.46    3733.8
   28.57    3730.0
   29.29    3705.3
   30.05    3680.5
   30.21    3675.6
   30.93    3653.3
   31.68    3631.0
   31.77    3628.5
   31.86    3626.0
   32.66    3603.7
   33.51    3581.3
   33.85    3572.7
   34.71    3552.2
   35.58    3531.7
   36.08    3520.6
   37.03    3501.3
   37.98    3482.0
> seg 3/3 S of sScS(sScs) at  1419.40 seconds at    74.00 degrees for a    550.0 km deep source in the iasp91 model with rayParam    7.945 s/deg. in crust/mantle
   37.98    3482.0
   38.93    3501.3
   39.88    3520.6
   40.38    3531.7
   41.24    3552.2
   42.10    3572.7
   42.44    3581.3
   43.29    3603.7
   44.09    3626.0
   44.18    3628.5
   44.27    3631.0
   45.03    3653.3
   45.75    3675.6
   45.90    3680.5
   46.66    3705.3
   47.38    3730.0
   47.49    3733.8
   47.60    3737.7
   48.18    3758.6
   48.74    3779.5
   49.02    3790.3
   49.16    3795.7
   49.22    3798.3
   49.29    3801.0
   49.99    3829.0
   50.58    3853.8
   51.15    3878.5
   51.43    3890.9
   51.71    3903.3
   52.24    3928.0
   52.49    3939.9
   52.74    3951.7
   52.98    3963.5
   53.10    3969.4
   53.22    3975.4
   53.27    3977.5
   54.23    4027.0
   54.78    4056.2
   55.15    4076.5
   56.01    4126.0
   56.23    4139.0
   56.52    4155.8
   56.84    4175.5
   57.61    4223.8
   57.62    4225.0
   58.38    4274.5
   58.90    4310.6
   59.09    4324.0
   59.44    4348.8
   59.78    4373.5
   59.96    4386.5
   60.04    4393.0
   60.13    4399.4
   60.44    4423.0
   60.76    4447.8
   61.07    4472.5
   61.23    4484.9
   61.38    4497.3
   61.53    4509.7
   61.68    4522.0
   61.69    4522.3
   61.69    4522.6
   61.98    4547.1
   62.27    4571.5
   62.41    4583.9
   62.55    4596.3
   62.83    4621.0
   62.84    4621.8
   62.85    4622.5
   63.12    4646.6
   63.38    4670.5
   63.51    4682.9
   63.64    4695.3
   63.90    4720.0
   63.93    4722.2
   63.95    4724.4
   64.18    4747.0
   64.41    4769.5
   64.54    4781.9
   64.66    4794.3
   64.90    4819.0
   64.95    4823.6
   64.99    4828.2
   65.38    4868.5
   65.61    4893.3
   65.83    4918.0
   65.90    4925.8
   65.97    4933.5
   66.28    4967.5
   66.48    4990.1
   66.67    5012.6
   66.69    5014.8
   66.71    5017.0
   66.92    5041.8
   67.12    5066.5
   67.23    5079.3
   67.28    5085.7
   67.31    5088.9
   67.33    5092.1
   67.43    5104.1
   67.48    5110.0
   67.53    5116.0
   67.54    5118.1
   67.60    5124.6
   67.65    5131.0
   67.67    5134.2
   67.70    5137.4
   67.72    5140.6
   67.74    5142.2
   67.74    5143.0
   67.75    5143.8
   67.92    5165.5
   68.11    5190.3
   68.30    5215.0
   68.39    5227.2
   68.48    5239.3
   68.66    5264.5
   68.84    5288.9
   69.02    5314.0
   69.19    5338.3
   69.37    5363.5
   69.53    5387.8
   69.70    5413.0
   69.87    5437.3
   70.03    5462.5
   70.19    5486.8
   70.35    5512.0
   70.50    5536.3
   70.58    5548.9
   70.66    5561.5
   70.69    5567.6
   70.73    5573.6
   70.80    5585.7
   70.84    5592.1
   70.88    5598.4
   70.92    5604.7
   70.95    5611.0
   71.03    5623.4
   71.14    5642.3
   71.25    5661.0
   71.29    5669.1
   71.34    5677.2
   71.35    5679.4
   71.42    5693.2
   71.47    5702.1
   71.50    5706.6
   71.52    5711.0
   71.60    5727.5
   71.62    5729.8
   71.68    5743.9
   71.71    5748.3
   71.76    5760.0
   71.77    5761.0
   71.79    5766.6
   71.84    5777.2
   71.92    5793.3
   72.00    5811.0
   72.05    5821.0
   72.08    5827.2
   72.10    5832.5
   72.11    5835.1
   72.12    5836.4
   72.12    5837.1
   72.12    5837.4
   72.12    5837.8
   72.13    5839.1
   72.14    5840.5
   72.14    5841.9
   72.14    5842.6
   72.15    5842.9
   72.15    5843.3
   72.15    5843.3
   72.18    5850.9
   72.23    5861.0
   72.26    5869.8
   72.35    5890.6
   72.40    5900.8
   72.44    5911.0
   72.46    5915.1
   72.48    5919.1
   72.51    5927.2
   72.54    5935.3
   72.58    5943.2
   72.59    5947.7
   72.61    5952.1
   72.63    5956.6
   72.65    5961.0
   72.70    5975.9
   72.76    5990.7
   72.82    6005.4
   72.84    6011.0
   72.87    6019.8
   72.90    6027.3
   72.95    6043.4
   73.02    6061.0
   73.06    6073.2
   73.10    6085.3
   73.15    6097.3
   73.19    6111.0
   73.23    6123.2
   73.28    6135.3
   73.32    6147.3
   73.36    6161.0
   73.41    6175.1
   73.45    6189.1
   73.48    6197.6
   73.51    6206.0
   73.56    6221.5
   73.58    6228.4
   73.62    6239.7
   73.65    6251.0
   73.66    6253.3
   73.71    6270.2
   73.75    6281.9
   73.79    6293.5
   73.82    6304.1
   73.85    6314.6
   73.88    6325.3
   73.90    6330.7
   73.91    6333.3
   73.91    6334.7
   73.92    6336.0
   73.94    6343.5
   73.95    6347.3
   73.95    6349.1
   73.95    6350.1
   73.96    6351.0
   73.97    6356.0
   73.98    6361.0
   73.99    6366.0
   73.99    6368.5
   74.00    6369.8
   74.00    6371.0
END
gmt text -F+f+a+j <<ENDLABELS
   59.69    4893.3 10 0 MR S
   55.57    4126.0 10 0 MR ScS
   15.45    5104.1 10 0 MR sS
   19.94    4126.0 10 0 MR sScS
ENDLABELS
# end postscript
gmt end 
