> ScS
102.70317199572494 1545.0775019765626
99.53489825294136 1518.5920210046602
98.25271241650265 1507.8782459807842
96.46910639108647 1492.9832385321195
94.00482871087513 1472.4275614392031
92.15876198173524 1457.0531068852922
90.63170039442196 1444.3554719587291
89.30781884760468 1433.3646579678289
88.12776017403385 1423.5833169405646
86.07049473663052 1406.5707753145186
83.75255721743669 1387.4730417689566
81.75876777098385 1371.1157415908203
79.9930572650772 1356.6913283677554
78.39860692727679 1343.7216528492572
77.06220633201721 1332.895679401782
75.81794305816022 1322.855702261488
73.55105097326152 1304.6712816908541
71.133278493039 1285.445408272034
68.96445225200162 1268.3649097416708
67.62776270887049 1257.9234237137896
66.36495530144194 1248.1233876340564
64.88347576196423 1236.7108226898508
63.48751647992819 1226.0454996071692
61.888846285157804 1213.9434465423549
61.78869432423096 1213.1894356144137
61.68893111209986 1212.4388490652868
61.49055608393024 1210.9478219915206
61.098310767645 1208.0054885696734
60.369631285740745 1202.560497041666
59.66053538112259 1197.2886984239635
58.296184905507594 1187.2225706625243
56.88591041501949 1176.929054463667
56.551462424327696 1174.5051882172952
54.90827624480533 1162.696420141722
53.353028649562845 1151.6791045283435
51.87478371879028 1141.3588498601466
51.739070481957896 1140.419045690424
51.31057188575504 1137.4603777842262
50.80018340878582 1133.953634131488
50.29800522283985 1130.5220005195106
48.920026415812586 1121.2033091597605
47.598528712935874 1112.4057092440962
47.06541964823551 1108.8965030596833
46.32791679173771 1104.080643653936
45.7460021091116 1100.3131279701238
45.17384714996685 1096.637152231149
44.32088119819906 1091.210246672207
43.488203759442996 1085.9752236397458
42.9677860844555 1082.735540051428
41.72675827032104 1075.1122528143605
40.93945777062199 1070.352591783978
40.532370214556074 1067.9153369550477
40.39142826769382 1067.075337966122
39.71898753079486 1063.0950630434902
39.058165173065525 1059.2282700533199
38.35136870586462 1055.1423879484887
37.657047441071 1051.1797630021238
37.478281109873045 1050.1678239320624
37.30030866425849 1049.1637908740274
36.465429606084236 1044.4997093210882
35.64722570643778 1040.003304322801
35.47766131534709 1039.080835289762
35.341224335156966 1038.3409423827343
35.205228928943974 1037.6055417272714
34.64102800002421 1034.5771172427892
34.36170431763337 1033.0913417242896
34.084183857120394 1031.6241110370888
33.52837485953633 1028.712654639984
32.9795217879667 1025.873440600767
32.78889848643854 1024.8957538434893
32.599085269795054 1023.9265585438807
31.885112738958078 1020.320048773277
31.18212287183222 1016.8300405510165
31.054017760983395 1016.2006559273168
30.99627455097297 1015.9176307305097
30.93860252035357 1015.6353701442831
30.37864258518771 1012.916498083249
29.825197034501347 1010.2682483687483
29.049783051067692 1006.6239372372818
28.90737673532245 1005.9631167518069
28.751769247335506 1005.244062749565
28.59664625835574 1004.5304014596813
28.207611787476914 1002.7545195330929
27.821543738620537 1001.0119715139965
27.575764832888794 999.9129699062562
27.37421862664714 999.0177907966581
27.353070654304066 998.9241771014521
27.331931283525794 998.8306616032628
27.289678296057378 998.6439247786038
27.2381244237158 998.4164084183358
27.18662145514085 998.189474466898
27.083767500604274 997.7373477598094
27.002133245465238 997.3795168773868
26.92062560914603 997.0231413467812
26.757987326991444 996.3147326763893
26.595846971597766 995.6120748708521
26.434198938361536 994.9151217650417
26.234157229728623 994.0575853552931
26.034855652675862 993.2086889513203
25.63843206311272 991.5364817829121
25.283031840718106 990.0558727895964
25.106181524104542 989.3256808397755
24.92988840604263 988.6021548630056
24.50355216053365 986.8705234836267
24.080372815658876 985.1771914979629
23.451406294117728 982.7077128229547
23.31883387597399 982.1944656656069
23.31689860105123 982.1869921629554
22.602656380938566 979.4659267432289
21.894741436974602 976.8426420083129
21.19467741583964 974.3214067650887
20.503554381073297 971.904319664466
20.502074036514138 971.8992196753425
20.076455036729907 970.4466802110074
19.847541369366553 969.6768421723189
19.185120558674253 967.4942947518873
18.553764204343544 965.477051876251
17.9154228891808 963.5005160545251
17.306961035557034 961.6759869230007
16.900263989009606 960.4890766173646
16.691015190036765 959.8886345316234
16.10168560595014 958.235096397678
15.515489588908393 956.6456396608065
14.933233701639056 955.1218307130433
14.403999432428598 953.7846131861247
13.87776217534177 952.50040107396
13.79755500340272 952.3086609443474
13.242818549084344 951.0115735664039
12.691122261656542 949.7721288517752
11.841058583298162 947.9616420630632
11.829366504301285 947.9375830955785
11.817675643663659 947.9135495702885
11.805985999970856 947.88954147951
11.794297571809311 947.8655588155634
11.770924356429596 947.8176697375235
11.74755598623179 947.7698822749662
11.724192449935934 947.722196366848
11.700833736274818 947.6746119522829
11.654130731851414 947.5797473610633
11.607446883077184 947.4852880173892
11.560782100269114 947.3912334398672
11.514136293944384 947.2975831496108
11.467509374819144 947.2043366702435
11.42090125380739 947.1114935278808
11.374311842019756 947.0190532511313
11.327741050762327 946.9270153710734
11.281188791535484 946.8353794212645
11.234654976032777 946.7441449377204
11.188139516139747 946.6533114589112
11.095163311677823 946.4728456815956
11.079921076844633 946.4433999149801
11.064680785649593 946.4139971326799
11.049442435009336 946.3846373187489
11.034206021842685 946.3553204572663
11.00373899561627 946.296815528113
10.973279682363984 946.2384822184307
10.929399750630475 946.1547224943222
10.885535711463818 946.071318521635
10.825028376219848 945.9568028167614
10.764550976112643 945.8429629340703
10.64368521556508 945.6173067557431
10.522936903510612 945.3943422960257
10.40230452182895 945.1740619730019
10.28178656046026 944.9564583125632
10.16138151727677 944.7415239475248
10.041087897955965 944.529251616744
9.920904215855264 944.3196341642708
9.683066157044617 943.9120698449112
9.445642572156421 943.5148493656297
9.208622148426722 943.1279206234951
8.97199368044293 942.7512330635417
8.767898318058275 942.4340524245099
8.5640800409454 942.1244461414633
8.360531808271757 941.8223843424227
8.157246631867942 941.5278379720501
8.037040365465685 941.3570210761117
7.805909228057938 941.0355881436342
7.575095122141493 940.723813325223
7.344587987427545 940.4216581130772
7.114377839892196 940.1290853015502
6.657873728235914 939.576134339809
6.20242581517111 939.0605954935626
5.8030514936205 938.6382917221406
5.404383150818784 938.2445249411599
5.2996946780064045 938.1457325239387
4.85185011331377 937.7447812647617
4.404748872139475 937.3795821848079
3.9601832861168598 937.0512691692429
3.516216386442963 936.7580935314514
3.1040193239813387 936.5169749150546
2.692226148680996 936.306005176168
2.632763327615965 936.2780132036679
2.192763150755006 936.0902828523518
1.7530883707089306 935.9368507240304
1.3144067743071044 935.8178189688274
0.8759192018530544 935.7328501425064
0.4379273642919513 935.6819350072615
0.0 935.6649657938126
> Sdiff
102.70317199572494 1545.0775019765626
162.70317199572494 2046.7179749187458
> S
0.0 0.0
1.965869964126521 68.30751380976395
2.780194060076984 96.59785836256606
3.9318845904444806 136.59994838372927
5.560797354381818 193.15306228157505
7.8649270536089135 273.07922957449546
5.5252126463863656 191.976701996128
4.817904135126913 167.46763284989203
4.023746298662376 139.9612719752393
3.209211496033845 111.77387426259781
2.453100996366679 85.65394098119803
1.8127116696642849 63.60866889631026
1.5005984915722272 52.91867762433782
1.3065284262746064 46.30503882840486
1.068687476582564 38.257765236310206
0.9883317053116787 35.56044612323106
0.922855053179327 33.37371008659488
0.7454693698356024 27.519435970945665
0.6369378145446996 24.012228472164168
0.6136288447904011 23.269585786522953
0.5923515332334781 22.59565139704165
0.5728172847193372 21.98057844563948
0.5547919912412629 21.41638746808013
0.5380834642077134 20.896534598253425
0.5225322393598666 20.415595833513578
0.5080047340231664 19.969032210439366
0.4943880767988517 19.553012477789764
0.4815861469553257 19.164277337996793
0.46951650252164956 18.800034212181345
0.45810797054240615 18.45787473697527
0.4472987370909805 18.13570940968617
0.4370348189411248 17.831715323141566
0.4272688298796495 17.544294000970808
0.4179589767670143 17.272037104998503
0.40906823640881257 17.0136983350136
0.40056367595137843 16.768170241587086
0.39241588811716394 16.53446496816116
0.3863307935660945 16.36093527399879
2.5895537892244516 79.02641131425054
3.5020795460711267 104.97559092878342
4.79254718345452 141.6621886225337
6.617541396466564 193.51655737628963
4.6851531752980575 138.63571544147587
4.111913384761274 122.35941869134322
3.4761766363098046 104.31415502762897
2.833421312018173 86.08080341879443
2.2447956742506663 69.40325560608741
1.7505692102433315 55.43427552755851
1.3594274557282935 44.43263379980229
1.056956190334585 36.008282916841125
0.9114855511655293 32.01490560486185
0.8187221892117055 29.504849753054337
0.6988263424486802 26.32787799256731
0.6192247580729887 24.281101176309207
0.6049525257060108 23.921144473499567
0.5914806390742384 23.583639754049724
0.5787224697628472 23.26616195244774
0.5689896484403728 23.025443284083124
4.809570311541643 127.6145763040108
6.565285503834946 170.91049690583029
9.047193739329993 232.10188129874462
10.950199735270626 279.00731775641276
12.55344490122469 318.51324212564833
13.826408240112231 349.87202937211424
15.151243687257125 382.49961964038255
16.36797346607612 412.45598035157207
18.557193447896704 466.33182260788936
20.822871874721613 522.0520430127917
22.90827779115183 573.3013317217851
24.44754997294891 611.1023421826707
25.976248699894 648.6193228352292
27.42613736287842 684.178654542594
28.803741261118837 717.942816435757
30.123144714786466 750.2565758685795
31.49476886796298 783.8237744675877
33.46763100767625 832.0579024157856
35.407997255957085 879.4348537240519
37.384775450572214 927.6344012415246
39.04155795401788 967.9720741494651
40.778120593252325 1010.1923138677212
38.02159488750109 943.2247856584318
36.93617400733051 916.8578341251963
35.457117388989076 880.9330193398973
33.47607883612745 832.8270699258799
32.04233825209116 798.022786716648
30.89058156079361 770.0728958609444
29.071990922825762 725.9620222293252
27.645138325266394 691.3757327902365
25.456839149473087 638.3831749939169
23.797105994620665 598.2435457645923
21.35122728347881 539.2047372501239
19.57638013875659 496.47680021201586
18.198796259219865 463.4004480424111
17.614070404983803 449.3893280125658
17.083514542231317 436.6930698634283
16.153684249537665 414.4857927071737
15.361360679650222 395.6129799904564
14.071347813014969 365.00573509553914
13.535332312540666 352.3402459956228
13.054618437723537 341.0120110666582
12.224460086121239 321.5268098988486
11.528698047990929 305.2846049288902
10.78457192074818 288.0202532021944
13.204659153453793 343.9501685684027
14.160441245164659 366.0166023526789
15.470605215798058 396.22535390143514
16.44762759292556 418.7122286983458
17.25517858205099 437.2653162310811
18.551625559522115 466.973466288705
19.112728556549097 479.7968868351339
19.631939363787666 491.64214946368566
20.586796858496538 513.3691493284108
21.028167098690005 523.3850900193081
21.44893183067706 532.9163967137179
22.2200881571686 550.3392436124534
22.94131529262054 566.577180984034
23.67937122432782 583.1333646465109
24.287159549670818 596.7187403373865
25.115325546907048 615.1556921918681
25.48831581292103 623.4301509454596
25.969170925826017 634.0699388969168
26.437583734330538 644.4037839750391
27.06435732243796 658.1826893536708
27.673529607375116 671.5197837344172
25.71195525965806 628.670707600874
24.9459502033006 611.948616222651
23.908055597468262 589.3097106175635
22.52813592053286 559.2598317534527
21.048387141272812 527.1287098563333
20.471061134330313 514.6275748623251
19.961793322642205 503.61999555676505
19.08962935654376 484.8187588404069
18.356249140873025 469.0665467813851
17.16052551900352 443.52069652771047
16.20175498823319 423.1871348356145
18.233449621480244 466.0455680725975
18.802282153622095 477.96990296245855
19.358316994239757 489.54477593613854
19.75931346003315 497.81751085754337
19.93588129713509 501.43514779466216
20.100462002528538 504.79199788369573
20.46544968258304 512.1806347009334
20.81655634376023 519.2110683791175
21.050021179694344 523.8425300126131
21.28054432703218 528.3815527742262
21.593765491975233 534.4946354397565
21.853830147160807 539.5225563117274
21.88391912089521 540.1014532239468
21.977262234302064 541.8937803995901
21.982145942146218 541.9874019769261
21.986740193033626 542.0754614414208
21.99581402562306 542.2493441636419
22.013833782064825 542.5945065110864
22.04972855978167 543.281454255519
22.058460719504357 543.4484458386867
22.067083505034777 543.6132990937253
22.08426570657703 543.9416554927244
22.118584710389957 544.5969480287451
22.378673430972665 549.5394484065974
22.568284356492143 553.1159279660117
22.872051926715258 558.7997512737725
22.999156406866078 561.161069832734
23.184627655613976 564.5893247561648
23.28025707456997 566.3487984975133
23.29749748406762 566.6654169565317
23.463361840242055 569.7025660422764
25.200831735587307 601.4163385819257
26.38799557994249 623.0479293579727
27.319075979814045 639.9759132616814
28.99241606088178 670.2845332688473
29.136908798812048 672.8934650939098
29.27248336709715 675.3400673757465
29.40541979532165 677.7378076428913
30.502587345190285 697.4768206410643
31.48240560052646 715.0217141503895
29.170830542383545 673.7395957755159
28.295115217476944 658.1135259755647
27.133346589122926 637.405613696973
25.630864089585465 610.6825546477104
24.57698210188985 591.9946761726817
23.746995398864783 577.3210730131389
22.458488953299895 554.6409520478595
21.45852865168144 537.1460325238929
20.63291949985471 522.7889667108639
20.26675545379405 516.4509110593208
19.925313554438446 510.55880749600175
19.30343040312263 499.87602045568735
18.746933759673045 490.3752629764263
18.082329565386086 479.11044393698324
17.923407147040074 476.4310615581481
17.48826505494727 469.12512934084737
19.669043478427955 505.5879286519117
20.465263453010788 518.8530090722863
21.503672092699265 536.0736465078285
22.64982002826991 554.9244463844452
22.872930714785724 558.5688471730741
22.888674834205467 558.8256692088219
22.904083401661488 559.0769723542061
22.934595203615253 559.5744652334969
22.994747410083992 560.554716615098
22.99850816667184 560.6159790949233
23.032870425781116 561.1756096114502
23.066925401480713 561.7300050240365
23.134051827910124 562.8221046438749
23.264877059435086 564.9478942634169
23.514511612839414 568.9941669689167
24.397127455317374 583.1841264421564
24.94288521572094 591.8566074909268
25.448936119046486 599.8218082718064
27.48175448323366 631.6459832097887
28.36185680717988 645.4039265620798
29.64376858117344 665.4047525376612
31.529728939211694 694.71749246626
32.88443878262636 715.6679074883057
33.495931139316696 725.0908858167923
34.0735977388753 733.97170347071
35.14994105639935 750.4610792997431
35.65840506140489 758.2228342723026
36.14854633804126 765.68715170473
37.27624352052362 782.7986553284064
37.785249134347936 790.4917131208692
38.276162024843565 797.8922528086997
39.12233352460145 810.6026643837852
39.532872734242694 816.7478302878053
39.934231751848834 822.7415854751428
40.71347588051825 834.3380185435649
41.09479310815617 839.9926236944718
41.46914506557126 845.530884643033
42.3707553143948 858.8219873628927
43.17971617218765 870.6858704589671
44.56473060909097 890.854042012664
44.63786523284681 891.913743211541
45.88523354614189 909.9049589607703
47.24169716489186 929.299814316445
48.46944392989406 946.694944166521
49.83993005381293 965.923356345726
50.62226524589872 976.8132581414304
51.32573356045381 986.5518657173823
52.67345591506992 1005.0600495046566
52.695212190964455 1005.3571583803247
52.71558904453293 1005.6353836243402
52.755763084105524 1006.1837859437788
52.79563983511448 1006.7279532822679
52.83534622577138 1007.2696198360451
52.88604341339916 1007.960964412369
52.93661305606876 1008.6502825106942
52.987069869541195 1009.3377760702463
53.037429145290815 1010.0236546410785
53.13758603542112 1011.3869113378228
53.23751975033063 1012.7459980514027
53.37145165544761 1014.5656776458449
53.5049954400851 1016.3780483815495
53.52405470680638 1016.636556059122
53.62173979161681 1017.9610609176777
53.72416567391121 1019.3489053182597
53.822443593941514 1020.6795747849241
54.013002050864635 1023.2569015955489
54.19877802756735 1025.7658859210865
54.38177535521333 1028.2337458932716
54.56216074259842 1030.6628417561874
54.740901895053284 1033.0662940315694
54.76036697492912 1033.3278199448457
54.779667113552975 1033.5870887180624
54.818157158531655 1034.1040230313665
54.85658618921515 1034.619974813565
54.894949975912894 1035.1348877912476
54.971441784921 1036.1610629463646
55.04776152148176 1037.1842819480792
55.199626438474624 1039.2184052269047
55.350872740616616 1041.2416756082082
55.65196133848182 1045.2617686754152
55.95096791938578 1049.243876930966
56.45485753967216 1055.9314176625885
56.70593785849801 1059.252738885697
56.95492211983895 1062.5390923193122
57.534913193613555 1070.1700500885613
58.06029399117752 1077.051296982945
59.07493719549317 1090.2527905074141
59.66103152752887 1097.8241734581125
60.238094912148966 1105.2395124307109
61.49406339288568 1121.2538903519321
62.661130232497555 1135.9734065595894
62.75572720703651 1137.1594368485453
62.8475958335491 1138.3102585918257
63.02981203007516 1140.5898974206862
63.39136085207198 1145.1014046912592
63.52435729354556 1146.7573509000492
63.637174420229826 1148.1606475884655
64.1122822492576 1154.0550889960327
64.34483316820766 1156.9309292603398
64.57434117927298 1159.7630461290412
65.0898990915855 1166.1026831056022
65.59988807622301 1172.3430210836152
66.3583623401713 1181.5665284188021
66.39518284570995 1182.0125115717897
66.43081587181597 1182.4439584743222
67.33338447620726 1193.3272599311967
68.17913409273929 1203.4399589378868
68.73446215599252 1210.0337468645362
69.36878760373995 1217.5200994167926
69.92359374827684 1224.0303130284171
69.99876082968655 1224.9096390276802
70.07268826504438 1225.7738260056876
70.21935441824341 1227.486418468987
70.50989280580924 1230.8715164985056
71.08352346537019 1237.5255274894307
71.13226449518199 1238.0890852444732
71.17999324171092 1238.6406644377075
71.69997114044017 1244.632061295359
72.21709603925599 1250.557987656091
72.31088770478166 1251.6293999350187
72.3924858358607 1252.560761207977
73.00936762707157 1259.5771486549047
73.6115377144713 1266.382724648708
74.79096333980709 1279.58549772793
74.98120639246852 1281.6990585730177
75.3914044870529 1286.2423454423856
75.77975582050135 1290.5254538929285
76.72682325131677 1300.8945275754827
77.66359880101153 1311.0428278820582
78.92522445395605 1324.5434320665338
79.48726358350986 1330.4949685482302
79.88357335752218 1334.6681154865455
80.27740678783857 1338.7958778940697
81.08334726228485 1347.1843745657968
81.87231151693688 1355.3185789101067
81.90855986417296 1355.6904208902956
82.36216897170773 1360.3298950991102
82.81421304908497 1364.927745065492
83.72514276449404 1374.116226844366
84.62594098132104 1383.1002398669139
84.7928787881421 1384.7538677518546
84.95682888774 1386.3744980332456
85.28285387829487 1389.5871542225564
85.4014463482163 1390.7524206898747
85.51931759787828 1391.9088382742402
85.95610464816426 1396.1787702017411
86.39336805409401 1400.429064066761
86.44949061592826 1400.9728157449622
86.50468791277191 1401.507214692219
86.61464520258956 1402.5706263138748
86.88173277496708 1405.1472646063455
87.14906049566655 1407.7171082886462
87.41614932573809 1410.2755456830935
87.68301044928712 1412.822699804903
88.20483448257679 1417.7767452270264
88.73305952540916 1422.755663325478
89.7855363062781 1432.5689842356494
89.90277959324924 1433.6532132310065
90.01653825693009 1434.7035460488564
90.36188649250856 1437.88147798231
90.71742694933747 1441.1367073912274
91.42932028038098 1447.6048969699916
92.28334071538717 1455.277048934075
92.97779169750163 1461.4437056373004
93.40668006422476 1465.2199704350608
93.83527015256116 1468.9693245316098
96.07449989713817 1488.465854281025
96.65018541213419 1493.459830869657
97.15588372179563 1497.8375653734918
98.49764809063308 1509.4047708195546
99.08696788715787 1514.4601915027545
99.64210892266595 1519.206980191475
100.82894328614472 1529.301084168329
101.92330479087083 1538.538461124311
102.23971841954283 1541.1960270974691
102.70317199572494 1545.0775019765626
